0.01 0.01
0.02 0.02
0.03 0.03
0.04 0.039951385828616605
0.05 0.05
0.06 0.06
0.07 0.07
0.08 0.08
0.09 0.08998379527620551
0.1 0.09998379527620554
0.11 0.11
0.12 0.11965970080031589
0.13 0.12995138582861648
0.14 0.13987036220964413
0.15 0.1499513858286165
0.16 0.15946524411478202
0.17 0.16995138582861646
0.18 0.17948144883857697
0.19 0.18974072441928816
0.2 0.19941662994339868
0.21 0.2096597008003159
0.22 0.21915735436268682
0.23 0.22951385828616563
0.24 0.23982174803826092
0.25 0.24957867718134374
0.26 0.2594328346671932
0.27 0.2692707874292482
0.28 0.27923837798165907
0.29 0.28755308670703245
0.3 0.29884946461059203
0.31 0.30836332289675716
0.32 0.31813645676363367
0.33 0.3279095906305105
0.34 0.3384281417919344
0.35 0.3457867718134338
0.36 0.3533074490728781
0.37 0.36515328552075765
0.38 0.3754496507387863
0.39 0.37685836740511397
0.4 0.383884677455248
0.41 0.38075805764247167
0.42 0.37438327726877113
0.43 0.3632913159008775
0.44 0.3619114396218281
0.45 0.3405322800389537
0.46 0.3421339397882301
0.47 0.32174305209617954
0.48 0.30881420622689065
0.49 0.3014053654086988
0.5 0.2973444121271525
0.51 0.2868491689150423
0.52 0.26157636931421674
0.53 0.25597956361591734
0.54 0.2487130915344002
0.55 0.2500139314306738
0.56 0.22526817161857424
0.57 0.22002879818510976
0.58 0.21852325365360162
0.59 0.20506580880612554
0.6 0.18761475538546063
0.61 0.18873451667512373
0.62 0.17067692518855082
0.63 0.170450501639598
0.64 0.16150785888699773
0.65 0.145859479203949
0.66 0.14396138752490933
0.67 0.13961832544954175
0.68 0.1323282633341953
0.69 0.129240349268869
0.7 0.11913049582740796
0.71 0.115563463198386
0.72 0.1080149707758129
0.73 0.10603910571942714
0.74 0.10010025907558658
0.75 0.0944903346791032
0.76 0.08649681730060906
0.77 0.08257959683293048
0.78 0.08262362189521182
0.79 0.07724217830940276
0.8 0.0723443304045339
0.81 0.06683809039354881
0.82 0.05975657461394263
0.83 0.058055542169963524
0.84 0.054790021618999075
0.85 0.04634688692006593
0.86 0.04665436193179553
0.87 0.042923582938757844
0.88 0.04078027244982878
0.89 0.033361740808352136
0.9 0.03251424170331484
0.91 0.027568596742135895
0.92 0.02366847767705878
0.93 0.02167550120415387
0.94 0.018526655390295063
0.95 0.014818170767079994
0.96 0.011836362769214681
0.97 0.009016255661359988
0.98 0.006016846829936906
0.99 0.003150530354321304
1.0 0.0
