0.01 0.01
0.02 0.02
0.03 0.03
0.04 0.04
0.05 0.05
0.06 0.06
0.07 0.07
0.08 0.07995138582861651
0.09 0.09
0.1 0.1
0.11 0.10988656693343885
0.12 0.11991897638102766
0.13 0.12995138582861668
0.14 0.13995138582861674
0.15 0.14987036220964403
0.16 0.15998379527620546
0.17 0.169837952762055
0.18 0.17993518110482204
0.19 0.18998379527620535
0.2 0.1998865669334387
0.21 0.20988656693343868
0.22 0.21990277165723326
0.23 0.22995138582861674
0.24 0.23995138582861647
0.25 0.24980554331446617
0.26 0.25993518110482194
0.27 0.26982174803826064
0.28 0.27951385828616593
0.29 0.2898541574858494
0.3 0.2998217480382606
0.31 0.30972451969549347
0.32 0.3199189763810275
0.33 0.32962729135272756
0.34 0.33990277165723326
0.35 0.3496597008003158
0.36 0.3598865669334385
0.37 0.3698541574858492
0.38 0.3797569291430824
0.39 0.38933560632442626
0.4 0.3995462677337535
0.41 0.4093194016006316
0.42 0.41941662994339907
0.43 0.4296110866289332
0.44 0.43946524411478144
0.45 0.44904392129612547
0.46 0.4582985040015794
0.47 0.4690763307437144
0.48 0.478574034181397
0.49 0.4892707874292491
0.5 0.4989953071247415
0.51 0.506418756041419
0.52 0.5191087401913034
0.53 0.5290925354675092
0.54 0.5377961575639496
0.55 0.5478609764591283
0.56 0.5572127875073483
0.57 0.5680878425922511
0.58 0.5782822992777847
0.59 0.5880392284208674
0.6 0.59447418918608
0.61 0.6039394333008626
0.62 0.6157219529182563
0.63 0.6227402837400705
0.64 0.6353046839449822
0.65 0.6445390080812582
0.66 0.6264933484874884
0.67 0.6244329430111567
0.68 0.6070065971634508
0.69 0.6327407258610825
0.7 0.5832802195292148
0.71 0.5719203376668119
0.72 0.5540827838393902
0.73 0.5115190519504751
0.74 0.533136588265876
0.75 0.41191132938218866
0.76 0.38834824735843687
0.77 0.3671317620431516
0.78 0.36244357681232103
0.79 0.32901910800141104
0.8 0.31765814582061475
0.81 0.29320176227970873
0.82 0.2799042413586599
0.83 0.24631740147640063
0.84 0.22080052247662965
0.85 0.20243711746079981
0.86 0.1745037425470902
0.87 0.15280015601166147
0.88 0.13585405099039352
0.89 0.12327833925909826
0.9 0.10882138627325179
0.91 0.09036568782695195
0.92 0.08497141470764163
0.93 0.07549329984720696
0.94 0.06580950243352128
0.95 0.04437239142508641
0.96 0.033702947113272985
0.97 0.027362479371034403
0.98 0.014852977648632157
0.99 0.007827310240475564
1.0 0.0
