1.0 0.09333333333333334
2.0 0.07333333333333333
3.0 0.05333333333333333
4.0 0.05
5.0 0.04000000000000001
6.0 0.042222222222222223
7.0 0.03999999999999999
8.0 0.041666666666666664
9.0 0.040000000000000015
10.0 0.04000000000000002
11.0 0.039999999999999994
12.0 0.04
13.0 0.04000000000000001
14.0 0.038095238095238106
15.0 0.03644444444444446
16.0 0.035833333333333335
17.0 0.03450980392156861
18.0 0.03481481481481481
19.0 0.03508771929824562
20.0 0.03466666666666666
21.0 0.034920634920634915
22.0 0.034545454545454525
23.0 0.0336231884057971
24.0 0.03444444444444443
25.0 0.035200000000000016
26.0 0.036923076923076927
27.0 0.038024691358024686
28.0 0.038571428571428576
29.0 0.039999999999999994
30.0 0.04088888888888889
31.0 0.041290322580645133
32.0 0.0425
33.0 0.042020202020202
34.0 0.04156862745098036
35.0 0.04076190476190474
36.0 0.04111111111111109
37.0 0.04108108108108108
38.0 0.04035087719298244
39.0 0.03965811965811964
40.0 0.03933333333333332
41.0 0.03902439024390245
42.0 0.039365079365079346
43.0 0.0384496124031008
44.0 0.037878787878787894
45.0 0.03733333333333333
46.0 0.036521739130434806
47.0 0.03659574468085106
48.0 0.036944444444444446
49.0 0.03619047619047618
50.0 0.03573333333333335
51.0 0.03555555555555554
52.0 0.03615384615384614
53.0 0.03647798742138368
54.0 0.03703703703703705
55.0 0.03781818181818178
56.0 0.038095238095238085
57.0 0.037894736842105266
58.0 0.03793103448275861
59.0 0.03774011299435026
60.0 0.03711111111111111
61.0 0.03672131147540982
62.0 0.036344086021505365
63.0 0.036402116402116394
64.0 0.036875
65.0 0.03671794871794871
66.0 0.03636363636363635
67.0 0.0362189054726368
68.0 0.036862745098039204
69.0 0.03690821256038648
70.0 0.037714285714285714
71.0 0.03849765258215959
72.0 0.03888888888888889
73.0 0.03872146118721462
74.0 0.039099099099099116
75.0 0.039111111111111145
76.0 0.039298245614035075
77.0 0.03878787878787877
78.0 0.038803418803418775
79.0 0.0389873417721519
80.0 0.038833333333333345
81.0 0.039176954732510295
82.0 0.03902439024390246
83.0 0.03903614457831324
84.0 0.03888888888888886
85.0 0.0389019607843137
86.0 0.03844961240310081
87.0 0.03862068965517245
88.0 0.03833333333333335
89.0 0.03865168539325843
90.0 0.03866666666666664
91.0 0.03838827838827836
92.0 0.03826086956521739
93.0 0.03784946236559138
94.0 0.03787234042553192
95.0 0.03803508771929829
96.0 0.037916666666666675
97.0 0.037800687285223324
98.0 0.03755102040816323
99.0 0.03744107744107744
100.0 0.03719999999999999
101.0 0.03722772277227725
102.0 0.037516339869281004
103.0 0.037411003236245945
104.0 0.03717948717948714
105.0 0.037079365079365045
106.0 0.03723270440251577
107.0 0.037009345794392495
108.0 0.03679012345679011
109.0 0.03669724770642201
110.0 0.036484848484848474
111.0 0.03627627627627626
112.0 0.036428571428571435
113.0 0.03610619469026547
114.0 0.035906432748538004
115.0 0.03559420289855072
116.0 0.03563218390804599
117.0 0.03578347578347575
118.0 0.0357062146892655
119.0 0.03551820728291313
120.0 0.03566666666666663
121.0 0.03559228650137742
122.0 0.0358469945355191
123.0 0.03577235772357723
124.0 0.035806451612903245
125.0 0.03562666666666669
126.0 0.03534391534391531
127.0 0.035065616797900226
128.0 0.034895833333333334
129.0 0.03483204134366928
130.0 0.03487179487179484
131.0 0.03491094147582697
132.0 0.035050505050505075
133.0 0.03498746867167919
134.0 0.03512437810945272
135.0 0.03496296296296297
136.0 0.034999999999999976
137.0 0.03503649635036497
138.0 0.0351690821256039
139.0 0.035395683453237375
140.0 0.03552380952380949
141.0 0.035366430260047266
142.0 0.035305164319248836
143.0 0.035244755244755246
144.0 0.03527777777777778
145.0 0.03540229885057471
146.0 0.035525114155251135
147.0 0.035374149659863935
148.0 0.035405405405405384
149.0 0.03534675615212529
150.0 0.03564444444444444
151.0 0.035849889624724074
152.0 0.03596491228070174
153.0 0.035729847494553345
154.0 0.03584415584415582
155.0 0.035698924731182795
156.0 0.03572649572649567
157.0 0.03566878980891722
158.0 0.035780590717299623
159.0 0.03589098532494761
160.0 0.03583333333333332
161.0 0.03577639751552794
162.0 0.03563786008230456
163.0 0.035664621676891564
164.0 0.035447154471544715
165.0 0.035555555555555535
166.0 0.035582329317269054
167.0 0.035449101796407194
168.0 0.03571428571428568
169.0 0.03566074950690335
170.0 0.0357647058823529
171.0 0.03571150097465886
172.0 0.03573643410852717
173.0 0.035606936416184974
174.0 0.03563218390804596
175.0 0.03558095238095237
176.0 0.03537878787878787
177.0 0.03548022598870057
178.0 0.03550561797752811
179.0 0.035456238361266254
180.0 0.03555555555555553
181.0 0.03535911602209943
182.0 0.03538461538461537
183.0 0.035409836065573776
184.0 0.035362318840579714
185.0 0.03538738738738742
186.0 0.035268817204301056
187.0 0.03529411764705885
188.0 0.035319148936170205
189.0 0.03520282186948854
190.0 0.035157894736842096
191.0 0.03525305410122164
192.0 0.03527777777777779
193.0 0.035164075993091556
194.0 0.03525773195876287
195.0 0.03535042735042733
196.0 0.035374149659863956
197.0 0.03532994923857867
198.0 0.03535353535353535
199.0 0.03537688442211054
200.0 0.035599999999999986
201.0 0.03555555555555557
202.0 0.03570957095709573
203.0 0.03586206896551725
204.0 0.03581699346405226
205.0 0.03590243902439026
206.0 0.035922330097087396
207.0 0.035877616747182
208.0 0.03596153846153847
209.0 0.0361084529505582
210.0 0.03638095238095236
211.0 0.03627172195892573
212.0 0.03622641509433963
213.0 0.036056338028169016
214.0 0.036137071651090334
215.0 0.03609302325581393
216.0 0.03604938271604938
217.0 0.03600614439324117
218.0 0.036085626911314984
219.0 0.036042617960426175
220.0 0.036060606060606064
221.0 0.03595776772247358
222.0 0.03591591591591592
223.0 0.03611360239162932
224.0 0.03607142857142859
225.0 0.035970370370370354
226.0 0.036106194690265485
227.0 0.03618208516886932
228.0 0.03619883040935672
229.0 0.036157205240174684
230.0 0.036173913043478285
231.0 0.036248196248196245
232.0 0.036436781609195425
233.0 0.036509298998569396
234.0 0.03669515669515667
235.0 0.03670921985815602
236.0 0.03666666666666663
237.0 0.03668073136427567
238.0 0.03675070028011203
239.0 0.03682008368200839
240.0 0.036722222222222226
241.0 0.036735822959889336
242.0 0.036694214876033054
243.0 0.036707818930041165
244.0 0.03655737704918033
245.0 0.036462585034013596
246.0 0.03658536585365852
247.0 0.03649122807017547
248.0 0.03650537634408603
249.0 0.0365194109772423
250.0 0.036480000000000026
251.0 0.03644090305444885
252.0 0.0364550264550264
253.0 0.03646903820816868
254.0 0.03643044619422569
255.0 0.036444444444444404
256.0 0.03635416666666667
257.0 0.03626459143968868
258.0 0.03622739018087859
259.0 0.03619047619047617
260.0 0.03630769230769228
261.0 0.03632183908045975
262.0 0.03618320610687023
263.0 0.03604562737642585
264.0 0.035959595959595976
265.0 0.03597484276729561
266.0 0.03604010025062657
267.0 0.035905118601747846
268.0 0.03582089552238803
269.0 0.03583643122676579
270.0 0.03575308641975311
271.0 0.035867158671586706
272.0 0.03578431372549018
273.0 0.035897435897435874
274.0 0.03596107055961068
275.0 0.03602424242424241
276.0 0.0359903381642512
277.0 0.036004813477737686
278.0 0.0359232613908873
279.0 0.03589008363201911
280.0 0.03590476190476186
281.0 0.03596678529062874
282.0 0.035981087470449154
283.0 0.03590106007067135
284.0 0.03577464788732393
285.0 0.035883040935672565
286.0 0.035850815850815836
287.0 0.03581881533101045
288.0 0.03587962962962965
289.0 0.03594002306805075
290.0 0.03600000000000002
291.0 0.035922107674684955
292.0 0.035936073059360724
293.0 0.035813424345847555
294.0 0.03573696145124715
295.0 0.03579661016949152
296.0 0.03585585585585585
297.0 0.03591470258136926
298.0 0.03588366890380317
299.0 0.03603121516164996
300.0 0.03595555555555555
301.0 0.03596899224806202
302.0 0.03602649006622515
303.0 0.03608360836083608
304.0 0.036052631578947385
305.0 0.03615300546448088
306.0 0.03612200435729844
307.0 0.036221498371335516
308.0 0.03614718614718612
309.0 0.03620280474649407
310.0 0.036258064516129056
311.0 0.0363558413719185
312.0 0.03628205128205124
313.0 0.03620873269435572
314.0 0.0361783439490446
315.0 0.03614814814814811
316.0 0.03603375527426161
317.0 0.03608832807570978
318.0 0.03605870020964364
319.0 0.03602925809822362
320.0 0.03604166666666663
321.0 0.03592938733125646
322.0 0.03590062111801238
323.0 0.03583075335397318
324.0 0.03592592592592591
325.0 0.03589743589743591
326.0 0.035910020449897745
327.0 0.036044852191641163
328.0 0.03597560975609756
329.0 0.03590678824721381
330.0 0.03595959595959595
331.0 0.03605236656596173
332.0 0.036064257028112445
333.0 0.036036036036036015
334.0 0.03596806387225549
335.0 0.03594029850746267
336.0 0.035952380952380944
337.0 0.03592482690405539
338.0 0.03597633136094676
339.0 0.03594886922320552
340.0 0.03588235294117644
341.0 0.0358162267839687
342.0 0.03578947368421056
343.0 0.03584062196307093
344.0 0.03577519379844962
345.0 0.03571014492753622
346.0 0.03568400770712906
347.0 0.03577329490874159
348.0 0.03582375478927205
349.0 0.03598853868194842
350.0 0.03596190476190478
351.0 0.035973409306742636
352.0 0.0359848484848485
353.0 0.03595845136921624
354.0 0.035969868173258014
355.0 0.036131455399061
356.0 0.036142322097378284
357.0 0.0360410830999066
358.0 0.03601489757914336
359.0 0.03591457753017639
360.0 0.03599999999999997
361.0 0.03593721144967681
362.0 0.03591160220994473
363.0 0.03588613406795223
364.0 0.0358241758241758
365.0 0.03590867579908674
366.0 0.03591985428051002
367.0 0.03589464123524071
368.0 0.03594202898550728
369.0 0.03584462511291781
370.0 0.03592792792792791
371.0 0.035938903863432146
372.0 0.03598566308243728
373.0 0.03588918677390527
374.0 0.035864527629233506
375.0 0.03587555555555557
376.0 0.035886524822695026
377.0 0.03586206896551723
378.0 0.0358377425044092
379.0 0.03577836411609496
380.0 0.035789473684210496
381.0 0.035730533683289586
382.0 0.03574171029668408
383.0 0.03568320278503045
384.0 0.035659722222222245
385.0 0.03567099567099563
386.0 0.03568221070811747
387.0 0.03572782084409993
388.0 0.03580756013745701
389.0 0.035818337617823506
390.0 0.035863247863247835
391.0 0.035873827791986355
392.0 0.03588435374149659
393.0 0.03589482612383375
394.0 0.03600676818950932
395.0 0.03608438818565406
396.0 0.036094276094276116
397.0 0.036036943744752345
398.0 0.03604690117252929
399.0 0.035989974937343384
400.0 0.03603333333333337
401.0 0.03607647547797173
402.0 0.036053067993366515
403.0 0.03602977667493796
404.0 0.03600660066006601
405.0 0.03595061728395063
406.0 0.03599343185550078
407.0 0.03593775593775596
408.0 0.036045751633986906
409.0 0.03605541972290138
410.0 0.036097560975609774
411.0 0.03607461476074614
412.0 0.03614886731391589
413.0 0.03609362389023407
414.0 0.03613526570048312
415.0 0.03611244979919679
416.0 0.03615384615384617
417.0 0.036163069544364504
418.0 0.03626794258373208
419.0 0.0363723150357995
420.0 0.03634920634920633
421.0 0.03632620744259697
422.0 0.036334913112164274
423.0 0.036280535855003945
424.0 0.03638364779874215
425.0 0.03639215686274507
426.0 0.0364006259780908
427.0 0.03637782982045276
428.0 0.03641744548286605
429.0 0.03636363636363638
430.0 0.03643410852713178
431.0 0.036535189481825214
432.0 0.03654320987654322
433.0 0.036612779060816024
434.0 0.03662058371735789
435.0 0.036659003831417604
436.0 0.03663608562691131
437.0 0.03664378337147216
438.0 0.03665144596651446
439.0 0.03662870159453304
440.0 0.03657575757575758
441.0 0.03649281934996221
442.0 0.03653092006033182
443.0 0.03653875094055681
444.0 0.03651651651651652
445.0 0.036584269662921345
446.0 0.03656203288490285
447.0 0.036569724086502636
448.0 0.036577380952380945
449.0 0.03658500371195247
450.0 0.036562962962962936
451.0 0.03657058388765705
452.0 0.03654867256637171
453.0 0.036526857983811646
454.0 0.036475770925110125
455.0 0.036454212454212445
456.0 0.03646198830409357
457.0 0.03646973012399706
458.0 0.036419213973799144
459.0 0.03645606390704429
460.0 0.03649275362318839
461.0 0.036500361532899483
462.0 0.03653679653679654
463.0 0.036457883369330465
464.0 0.03646551724137927
465.0 0.036559139784946224
466.0 0.03650929899856938
467.0 0.03654532476802282
468.0 0.03658119658119657
469.0 0.036588486140724935
470.0 0.036595744680851104
471.0 0.03657466383581036
472.0 0.03655367231638418
473.0 0.03656095842142354
474.0 0.03654008438818565
475.0 0.036631578947368425
476.0 0.03666666666666666
477.0 0.03664570230607968
478.0 0.0366248256624826
479.0 0.03657620041753655
480.0 0.03655555555555559
481.0 0.03656271656271652
482.0 0.036569847856154906
483.0 0.03652173913043479
484.0 0.036528925619834736
485.0 0.03648109965635739
486.0 0.03646090534979426
487.0 0.036468172484599576
488.0 0.03647540983606556
489.0 0.03648261758691202
490.0 0.03643537414965987
491.0 0.03638832315003392
492.0 0.036368563685636866
493.0 0.03645706558485462
494.0 0.03643724696356274
495.0 0.03639057239057237
496.0 0.03634408602150534
497.0 0.03629778672032193
498.0 0.03622489959839358
499.0 0.036232464929859695
