0.01 0.01
0.02 0.02
0.03 0.03
0.04 0.04
0.05 0.05
0.06 0.05998379527620547
0.07 0.06991897638102756
0.08 0.07974072441928817
0.09 0.09
0.1 0.09948144883857639
0.11 0.10972451969549378
0.12 0.11972451969549386
0.13 0.12965970080031594
0.14 0.13954626773375423
0.15 0.14888187405818057
0.16 0.15922217325786475
0.17 0.1689791024009476
0.18 0.17850916541090725
0.19 0.18860639375367413
0.2 0.19653218910798012
0.21 0.20321806901040423
0.22 0.21139304474180617
0.23 0.21500278978517356
0.24 0.2149898294059852
0.25 0.21251007852131676
0.26 0.20714865269752722
0.27 0.2002510601371656
0.28 0.1899650867305469
0.29 0.17815847042622687
0.3 0.16867712844176697
0.31 0.16095002221412602
0.32 0.15292308235870358
0.33 0.14727960473197255
0.34 0.13659218339239465
0.35 0.12958858062782322
0.36 0.12718958288772791
0.37 0.11991989583812787
0.38 0.11479609528827213
0.39 0.10961897763525222
0.4 0.10201537792667195
0.41 0.09787187800021867
0.42 0.09669968548162153
0.43 0.09129450833876357
0.44 0.0874030334560281
0.45 0.08543310330579224
0.46 0.08233106489988144
0.47 0.08133484434702692
0.48 0.07570160842309819
0.49 0.0766097617762955
0.5 0.0712107735672775
0.51 0.06585643152732369
0.52 0.06796869068302774
0.53 0.06433463717007798
0.54 0.06220203102903347
0.55 0.05915320706219479
0.56 0.05725330765804386
0.57 0.05588585498114144
0.58 0.053174992080103504
0.59 0.05276001797519
0.6 0.04931162915817026
0.61 0.046990430042843735
0.62 0.046469888396662724
0.63 0.04544453112867539
0.64 0.04250462576475353
0.65 0.04304031245433831
0.66 0.03949130622682498
0.67 0.04060096586608059
0.68 0.03682499075913252
0.69 0.035844556398455955
0.7 0.034668816214107806
0.71 0.03282074779005522
0.72 0.032261082067516204
0.73 0.030143169425831583
0.74 0.028733097874298813
0.75 0.02813677355996524
0.76 0.02670109011761572
0.77 0.02536851808395205
0.78 0.023499249753752397
0.79 0.022143804722420217
0.8 0.02181305621779614
0.81 0.021417349337558456
0.82 0.018835381131387514
0.83 0.018425106004672308
0.84 0.017343446121302956
0.85 0.015400962110368312
0.86 0.01494180389454464
0.87 0.014404013777658646
0.88 0.011773001576306284
0.89 0.011648599717319505
0.9 0.010405701458713784
0.91 0.009637727787711476
0.92 0.008233050907153148
0.93 0.007800695978339768
0.94 0.006463908317861038
0.95 0.005056966416232132
0.96 0.004120527197206921
0.97 0.00288292047391418
0.98 0.0021847017474952396
0.99 0.000999975162245511
1.0 0.0
