0.01 0.01
0.02 0.02
0.03 0.03
0.04 0.04
0.05 0.049983795276205514
0.06 0.05993518110482211
0.07 0.06987036220964418
0.08 0.07988656693343864
0.09 0.08988656693343855
0.1 0.1
0.11 0.10995138582861666
0.12 0.11974072441928833
0.13 0.12990277165723296
0.14 0.13925458270545354
0.15 0.14896289767715318
0.16 0.15944903939098723
0.17 0.16946524411478178
0.18 0.17941662994339833
0.19 0.18867121264885217
0.2 0.19875223626782482
0.21 0.20940042521960395
0.22 0.21708314971699297
0.23 0.2276503150497998
0.24 0.23863880320126316
0.25 0.24705074026940413
0.26 0.2578123622877452
0.27 0.26114227033746784
0.28 0.26665216260043256
0.29 0.277481893991614
0.3 0.27591140410053605
0.31 0.26560085070386963
0.32 0.26612848666320527
0.33 0.2690979633738321
0.34 0.2352002851233551
0.35 0.24278217638817162
0.36 0.22841234400740396
0.37 0.21331396513433176
0.38 0.19981585209535538
0.39 0.1931075796988257
0.4 0.17756137195831048
0.41 0.17340182049973651
0.42 0.16842262676606304
0.43 0.16663235141436947
0.44 0.1522212709182338
0.45 0.1466978239450451
0.46 0.13984144660628156
0.47 0.13311440674799263
0.48 0.12622987098771665
0.49 0.12210970507511852
0.5 0.1205416387676221
0.51 0.11737333375595504
0.52 0.10726666490146843
0.53 0.10028523589147328
0.54 0.09874466965768053
0.55 0.09491355583664539
0.56 0.0944602025879662
0.57 0.08729678455614123
0.58 0.08312727065317593
0.59 0.08081966199618106
0.6 0.07950708375962241
0.61 0.07456968515549656
0.62 0.07186972742325397
0.63 0.06750151287496343
0.64 0.06464648194913306
0.65 0.06252864935159559
0.66 0.062236842125286296
0.67 0.057930964196463236
0.68 0.05699108174100896
0.69 0.055463936798221904
0.7 0.050284555989742095
0.71 0.05333137282392718
0.72 0.048014931122370354
0.73 0.044627403239341605
0.74 0.04346122982904187
0.75 0.041785599874584065
0.76 0.03997717019495833
0.77 0.036505324017903684
0.78 0.03601454932618582
0.79 0.034132763565439136
0.8 0.03206703209722069
0.81 0.03128781859971532
0.82 0.029546705110465667
0.83 0.0263745071847757
0.84 0.024930562474908498
0.85 0.023354744807531008
0.86 0.02139121952546336
0.87 0.019745727001305956
0.88 0.019255035698592094
0.89 0.015763990744681974
0.9 0.01576416340312296
0.91 0.012922352918005826
0.92 0.012041364196407224
0.93 0.0100577961958055
0.94 0.008733977174407288
0.95 0.007604228820694004
0.96 0.006390634521032918
0.97 0.004518456805842575
0.98 0.002908145535843481
0.99 0.0013690560298271338
1.0 0.0
