0.01 0.01
0.02 0.02
0.03 0.03
0.04 0.04
0.05 0.05
0.06 0.059951385828616484
0.07 0.07
0.08 0.07995138582861651
0.09 0.08995138582861659
0.1 0.09991897638102755
0.11 0.10951385828616546
0.12 0.11978933859067158
0.13 0.12970831497169927
0.14 0.13961108662893265
0.15 0.1496921102479049
0.16 0.15956247245754887
0.17 0.1696110866289325
0.18 0.1795462677337542
0.19 0.18925458270545384
0.2 0.19917355908648152
0.21 0.20812025203983975
0.22 0.21917355908648117
0.23 0.22787718118292266
0.24 0.23726140167873228
0.25 0.24831470872537342
0.26 0.2543121419481357
0.27 0.2655046442041249
0.28 0.2657499806202451
0.29 0.2783449585889515
0.3 0.2828072239142191
0.31 0.27439536356673266
0.32 0.2834728950173365
0.33 0.2698894523530218
0.34 0.25132888956420163
0.35 0.2577955585555275
0.36 0.24253620844190762
0.37 0.22421212434867227
0.38 0.20793102766800636
0.39 0.20691122689259142
0.4 0.1905606717582555
0.41 0.18332841254860874
0.42 0.1816625738184858
0.43 0.1657550823665506
0.44 0.15460592701346335
0.45 0.15193260498880537
0.46 0.14604245448224706
0.47 0.1363852197055967
0.48 0.13540709055692862
0.49 0.1250658651963869
0.5 0.12328478117011794
0.51 0.11053207822911289
0.52 0.11440246519597626
0.53 0.10547775310639633
0.54 0.10119464368717512
0.55 0.0975129657392998
0.56 0.09263859724582482
0.57 0.08975531385761869
0.58 0.08542350558614879
0.59 0.08366621280454858
0.6 0.08222303488623682
0.61 0.07814105639673168
0.62 0.07497115448616977
0.63 0.07255937802627489
0.64 0.06891832938829195
0.65 0.06327282352752656
0.66 0.06273096171969741
0.67 0.06280754006996503
0.68 0.054904508411647505
0.69 0.05402739675279714
0.7 0.052462064612613046
0.71 0.051369401483976215
0.72 0.04818735115401275
0.73 0.04815528174093142
0.74 0.04458471671039825
0.75 0.042418306978402945
0.76 0.03870770730737807
0.77 0.039154790833899396
0.78 0.03417718231121829
0.79 0.03246754873917588
0.8 0.03266720275811296
0.81 0.03148352913108906
0.82 0.028076144121210525
0.83 0.02674955624026173
0.84 0.023705598701807887
0.85 0.02380382798383976
0.86 0.02132224403999485
0.87 0.018806815474687502
0.88 0.018713961590133967
0.89 0.01585046746983936
0.9 0.016124653736206727
0.91 0.012957403067883566
0.92 0.012440858934814333
0.93 0.010820035219589009
0.94 0.008875573870195982
0.95 0.008011886792246318
0.96 0.0053060263080593655
0.97 0.003914632769373692
0.98 0.0030120657190383614
0.99 0.0015565203183714842
1.0 0.0
