0.01 0.01
0.02 0.02
0.03 0.03
0.04 0.04
0.05 0.05
0.06 0.06
0.07 0.0699837952762055
0.08 0.08
0.09 0.09
0.1 0.1
0.11 0.1099837952762055
0.12 0.1199837952762055
0.13 0.12993518110482194
0.14 0.13985415748584962
0.15 0.14988656693343852
0.16 0.15996759055241092
0.17 0.16998379527620547
0.18 0.17995138582861636
0.19 0.18996759055241105
0.2 0.19970831497169939
0.21 0.2097569291430831
0.22 0.21983795276205534
0.23 0.22975692914308324
0.24 0.23972451969549383
0.25 0.24985415748584971
0.26 0.259335606324426
0.27 0.2696921102479048
0.28 0.27970831497169935
0.29 0.2896597008003159
0.3 0.2989628976771526
0.31 0.30956247245754925
0.32 0.3194490393909874
0.33 0.32948144883857666
0.34 0.3392545827054536
0.35 0.3484605512395243
0.36 0.35943283466719295
0.37 0.36880085043920696
0.38 0.37901151184853515
0.39 0.38763411032600553
0.4 0.3983147087253742
0.41 0.4086712126488518
0.42 0.41857398430608533
0.43 0.4281364567636352
0.44 0.43789338590671695
0.45 0.44400425219604017
0.46 0.4438689709067659
0.47 0.4458911448287308
0.48 0.438357510909173
0.49 0.440413251517024
0.5 0.43528877966061014
0.51 0.4145280649671132
0.52 0.4178739484880856
0.53 0.39483079035685914
0.54 0.3901738656872389
0.55 0.3774057351139829
0.56 0.367367300750176
0.57 0.356304751691513
0.58 0.33756412602761443
0.59 0.33231966642816896
0.6 0.33002182787579654
0.61 0.3197889943766018
0.62 0.3128175537498986
0.63 0.30253683625016586
0.64 0.28374604947769183
0.65 0.28232563607027866
0.66 0.25570491974394055
0.67 0.2546737320961639
0.68 0.2452336172194088
0.69 0.23572667038501724
0.7 0.22691350562850962
0.71 0.21404249817025828
0.72 0.20739580555311882
0.73 0.20363826405629842
0.74 0.19217681813457388
0.75 0.17745241364442027
0.76 0.1651334434003231
0.77 0.1613983001474135
0.78 0.15044810514445145
0.79 0.1467507518527511
0.8 0.14050994158738953
0.81 0.12613585541774489
0.82 0.1207123153343958
0.83 0.11409762949264429
0.84 0.10450930707350634
0.85 0.1007712462158759
0.86 0.08631662829665504
0.87 0.07796532373004929
0.88 0.07397955342445921
0.89 0.0696317383146274
0.9 0.06236080479094345
0.91 0.05598577541068458
0.92 0.04829595294458985
0.93 0.03944501918737598
0.94 0.03569631426928082
0.95 0.028935760584085462
0.96 0.022494276509207482
0.97 0.017966049891442046
0.98 0.010609432590582725
0.99 0.005355319667007501
1.0 0.0
