0.01 0.01
0.02 0.02
0.03 0.03
0.04 0.04
0.05 0.05
0.06 0.06
0.07 0.07
0.08 0.08
0.09 0.09
0.1 0.1
0.11 0.11
0.12 0.12
0.13 0.13
0.14 0.14
0.15 0.15
0.16 0.16
0.17 0.17
0.18 0.18
0.19 0.19
0.2 0.2
0.21 0.21
0.22 0.22
0.23 0.23
0.24 0.23998379527620553
0.25 0.25
0.26 0.26
0.27 0.27
0.28 0.28
0.29 0.29
0.3 0.3
0.31 0.31
0.32 0.32
0.33 0.33
0.34 0.33996759055241094
0.35 0.35
0.36 0.35998379527620555
0.37 0.36998379527620556
0.38 0.38
0.39 0.39
0.4 0.4
0.41 0.40996759055241083
0.42 0.41998379527620544
0.43 0.4299837952762054
0.44 0.44
0.45 0.44996759055241103
0.46 0.46
0.47 0.47
0.48 0.48
0.49 0.4899675905524111
0.5 0.5
0.51 0.5099189763810278
0.52 0.5199027716572334
0.53 0.5298541574858492
0.54 0.5399675905524112
0.55 0.5499837952762054
0.56 0.5597245196954937
0.57 0.5699837952762054
0.58 0.5798703622096439
0.59 0.5899189763810277
0.6 0.5998379527620549
0.61 0.6099351811048219
0.62 0.6197245196954938
0.63 0.6298379527620548
0.64 0.6391573543626873
0.65 0.6496759055241104
0.66 0.6597731338668775
0.67 0.6696597008003162
0.68 0.6796110866289328
0.69 0.6898217480382601
0.7 0.6993031968768371
0.71 0.709449039390988
0.72 0.7191735590864811
0.73 0.7288008504392085
0.74 0.7396110866289329
0.75 0.74891428350577
0.76 0.7595138582861667
0.77 0.7672776064025271
0.78 0.7782660945539895
0.79 0.7843931655671083
0.8 0.7976827244973883
0.81 0.7887878428309077
0.82 0.751966116327123
0.83 0.7104088307581615
0.84 0.6698685119022725
0.85 0.6268553546056902
0.86 0.5861099668108388
0.87 0.5437809268651157
0.88 0.5014901541255824
0.89 0.4604897657671872
0.9 0.41796288434913303
0.91 0.37633807367086314
0.92 0.33385857581252565
0.93 0.29242738777021926
0.94 0.2505311175740342
0.95 0.20853486008927435
0.96 0.16696648865803415
0.97 0.12513094065930283
0.98 0.08335529286450076
0.99 0.0041664717567910216
1.0 0.0
