12 13
14 11
15 10
14 11
16 9
17 8
15 10
13 12
17 8
15 10
19 6
19 6
20 5
20 5
19 6
21 4
20 5
19 6
19 6
19 6
19 6
17 8
18 7
17 8
19 6
17 8
18 7
18 7
19 6
19 6
22 3
18 7
16 9
16 9
18 7
20 5
20 5
21 4
20 5
17 8
19 6
19 6
20 5
19 6
18 7
20 5
20 5
21 4
22 3
23 2
18 7
22 3
21 4
22 3
21 4
20 5
20 5
21 4
21 4
22 3
23 2
21 4
21 4
21 4
19 6
20 5
22 3
21 4
25 0
24 1
23 2
21 4
22 3
21 4
20 5
21 4
20 5
21 4
21 4
22 3
20 5
22 3
21 4
22 3
22 3
21 4
21 4
21 4
20 5
21 4
20 5
20 5
23 2
23 2
21 4
22 3
22 3
22 3
20 5
22 3
20 5
24 1
21 4
19 6
20 5
23 2
22 3
19 6
23 2
22 3
22 3
24 1
21 4
23 2
20 5
19 6
21 4
20 5
19 6
20 5
21 4
20 5
23 2
22 3
20 5
22 3
22 3
20 5
21 4
22 3
22 3
23 2
23 2
24 1
24 1
22 3
21 4
21 4
22 3
22 3
21 4
21 4
21 4
23 2
25 0
23 2
23 2
21 4
23 2
23 2
23 2
19 6
18 7
17 8
20 5
24 1
22 3
23 2
23 2
20 5
23 2
21 4
22 3
23 2
22 3
21 4
22 3
18 7
22 3
22 3
20 5
22 3
21 4
19 6
20 5
22 3
21 4
21 4
20 5
20 5
22 3
23 2
20 5
20 5
21 4
23 2
20 5
20 5
20 5
21 4
21 4
22 3
23 2
23 2
23 2
19 6
21 4
19 6
22 3
23 2
19 6
21 4
20 5
22 3
20 5
23 2
22 3
22 3
23 2
22 3
20 5
21 4
21 4
21 4
23 2
20 5
21 4
21 4
23 2
20 5
22 3
20 5
20 5
20 5
21 4
20 5
23 2
23 2
22 3
23 2
23 2
23 2
22 3
21 4
21 4
19 6
21 4
17 8
23 2
23 2
23 2
24 1
24 1
24 1
24 1
22 3
22 3
22 3
22 3
21 4
21 4
20 5
21 4
22 3
23 2
21 4
21 4
21 4
24 1
24 1
20 5
19 6
24 1
23 2
20 5
22 3
20 5
20 5
22 3
20 5
23 2
23 2
22 3
24 1
23 2
23 2
21 4
22 3
23 2
19 6
22 3
22 3
24 1
21 4
24 1
22 3
20 5
21 4
23 2
22 3
21 4
20 5
21 4
20 5
23 2
21 4
21 4
21 4
22 3
21 4
24 1
24 1
24 1
23 2
24 1
22 3
22 3
21 4
23 2
21 4
24 1
23 2
24 1
20 5
19 6
19 6
20 5
20 5
20 5
22 3
21 4
23 2
19 6
19 6
20 5
21 4
21 4
21 4
18 7
20 5
22 3
22 3
21 4
21 4
21 4
20 5
21 4
23 2
22 3
19 6
23 2
21 4
23 2
23 2
22 3
23 2
23 2
24 1
25 0
25 0
23 2
22 3
22 3
23 2
20 5
19 6
21 4
20 5
24 1
24 1
22 3
22 3
24 1
20 5
23 2
24 1
23 2
23 2
21 4
23 2
23 2
23 2
24 1
24 1
23 2
25 0
23 2
22 3
24 1
20 5
21 4
22 3
23 2
19 6
21 4
21 4
23 2
22 3
23 2
21 4
19 6
23 2
21 4
24 1
22 3
24 1
24 1
21 4
22 3
19 6
22 3
21 4
23 2
23 2
23 2
22 3
23 2
23 2
20 5
22 3
21 4
20 5
23 2
23 2
23 2
23 2
19 6
22 3
19 6
19 6
23 2
23 2
22 3
21 4
23 2
18 7
22 3
24 1
22 3
22 3
23 2
23 2
21 4
18 7
22 3
22 3
24 1
21 4
22 3
24 1
22 3
21 4
21 4
22 3
23 2
23 2
22 3
21 4
20 5
23 2
21 4
21 4
21 4
21 4
19 6
20 5
24 1
20 5
20 5
22 3
21 4
19 6
21 4
23 2
22 3
20 5
21 4
22 3
22 3
18 7
22 3
19 6
21 4
19 6
23 2
19 6
21 4
23 2
22 3
22 3
22 3
19 6
21 4
19 6
21 4
17 8
18 7
22 3
20 5
21 4
23 2
23 2
22 3
19 6
21 4
21 4
20 5
22 3
23 2
