1.0 0.48
2.0 0.52
3.0 0.5466666666666666
4.0 0.55
5.0 0.568
6.0 0.5866666666666667
7.0 0.5885714285714285
8.0 0.58
9.0 0.5911111111111111
10.0 0.5920000000000001
11.0 0.6072727272727273
12.0 0.6199999999999999
13.0 0.6338461538461537
14.0 0.6457142857142857
15.0 0.6533333333333333
16.0 0.665
17.0 0.6729411764705884
18.0 0.6777777777777779
19.0 0.6821052631578947
20.0 0.6859999999999999
21.0 0.6895238095238096
22.0 0.6890909090909091
23.0 0.6904347826086956
24.0 0.6900000000000002
25.0 0.6928000000000002
26.0 0.6923076923076923
27.0 0.6933333333333334
28.0 0.6942857142857144
29.0 0.696551724137931
30.0 0.6986666666666669
31.0 0.704516129032258
32.0 0.705
33.0 0.703030303030303
34.0 0.7011764705882353
35.0 0.7017142857142858
36.0 0.7044444444444447
37.0 0.7070270270270271
38.0 0.7105263157894738
39.0 0.7128205128205131
40.0 0.7119999999999999
41.0 0.7131707317073173
42.0 0.7142857142857143
43.0 0.7162790697674417
44.0 0.7172727272727274
45.0 0.7173333333333335
46.0 0.7191304347826086
47.0 0.7208510638297873
48.0 0.7233333333333336
49.0 0.7265306122448978
50.0 0.7303999999999999
51.0 0.7301960784313727
52.0 0.7330769230769231
53.0 0.7350943396226415
54.0 0.7377777777777778
55.0 0.7396363636363635
56.0 0.7407142857142857
57.0 0.7417543859649122
58.0 0.7434482758620691
59.0 0.7450847457627118
60.0 0.7473333333333334
61.0 0.7501639344262294
62.0 0.7516129032258063
63.0 0.7530158730158731
64.0 0.754375
65.0 0.7544615384615386
66.0 0.7551515151515151
67.0 0.7570149253731342
68.0 0.7582352941176471
69.0 0.7617391304347828
70.0 0.7645714285714286
71.0 0.7667605633802818
72.0 0.7677777777777778
73.0 0.7693150684931506
74.0 0.7702702702702702
75.0 0.7706666666666666
76.0 0.7715789473684211
77.0 0.771948051948052
78.0 0.772820512820513
79.0 0.7736708860759492
80.0 0.775
81.0 0.7753086419753086
82.0 0.7765853658536586
83.0 0.7773493975903614
84.0 0.7785714285714288
85.0 0.7797647058823531
86.0 0.7804651162790698
87.0 0.7811494252873564
88.0 0.7818181818181819
89.0 0.7820224719101123
90.0 0.7826666666666666
91.0 0.782857142857143
92.0 0.7830434782608695
93.0 0.7845161290322578
94.0 0.7859574468085107
95.0 0.7865263157894737
96.0 0.7874999999999999
97.0 0.788453608247423
98.0 0.7893877551020407
99.0 0.7894949494949496
100.0 0.7904000000000001
101.0 0.7904950495049506
102.0 0.792156862745098
103.0 0.7926213592233009
104.0 0.7923076923076923
105.0 0.7923809523809527
106.0 0.7935849056603775
107.0 0.7943925233644862
108.0 0.7940740740740743
109.0 0.7952293577981654
110.0 0.796
111.0 0.7967567567567566
112.0 0.7982142857142857
113.0 0.7985840707964601
114.0 0.7996491228070178
115.0 0.7996521739130437
116.0 0.7993103448275862
117.0 0.79965811965812
118.0 0.7996610169491525
119.0 0.7993277310924373
120.0 0.7993333333333333
121.0 0.7996694214876034
122.0 0.7996721311475409
123.0 0.8006504065040649
124.0 0.8012903225806451
125.0 0.8012799999999998
126.0 0.8019047619047619
127.0 0.8025196850393699
128.0 0.8025
129.0 0.8027906976744185
130.0 0.8033846153846156
131.0 0.8039694656488551
132.0 0.804848484848485
133.0 0.8057142857142858
134.0 0.806865671641791
135.0 0.8079999999999998
136.0 0.8085294117647058
137.0 0.8087591240875913
138.0 0.8089855072463769
139.0 0.809496402877698
140.0 0.81
141.0 0.8102127659574467
142.0 0.8104225352112676
143.0 0.8106293706293707
144.0 0.8113888888888889
145.0 0.8126896551724139
146.0 0.8134246575342465
147.0 0.8141496598639455
148.0 0.8143243243243241
149.0 0.8150335570469798
150.0 0.8157333333333333
151.0 0.8164238410596024
152.0 0.8160526315789476
153.0 0.8154248366013074
154.0 0.8145454545454544
155.0 0.8144516129032258
156.0 0.8153846153846155
157.0 0.8157961783439491
158.0 0.8164556962025319
159.0 0.8171069182389938
160.0 0.817
161.0 0.8176397515527951
162.0 0.8177777777777778
163.0 0.8181595092024542
164.0 0.8187804878048782
165.0 0.819151515151515
166.0 0.8192771084337349
167.0 0.8196407185628739
168.0 0.8190476190476188
169.0 0.8194082840236685
170.0 0.8197647058823531
171.0 0.8196491228070175
172.0 0.8200000000000002
173.0 0.8201156069364164
174.0 0.8197701149425286
175.0 0.8196571428571429
176.0 0.8200000000000003
177.0 0.8201129943502825
178.0 0.8202247191011234
179.0 0.8201117318435752
180.0 0.8200000000000001
181.0 0.820331491712707
182.0 0.8208791208791212
183.0 0.8207650273224042
184.0 0.8206521739130437
185.0 0.8207567567567567
186.0 0.8212903225806449
187.0 0.8211764705882354
188.0 0.821063829787234
189.0 0.820952380952381
190.0 0.8210526315789473
191.0 0.821151832460733
192.0 0.8214583333333334
193.0 0.8219689119170981
194.0 0.8224742268041241
195.0 0.8229743589743592
196.0 0.82265306122449
197.0 0.8227411167512687
198.0 0.8224242424242422
199.0 0.822713567839196
200.0 0.8232000000000002
201.0 0.8228855721393036
202.0 0.8229702970297033
203.0 0.8228571428571428
204.0 0.8231372549019608
205.0 0.8230243902439027
206.0 0.8234951456310681
207.0 0.8237681159420289
208.0 0.8240384615384615
209.0 0.824497607655502
210.0 0.8247619047619049
211.0 0.8246445497630331
212.0 0.8247169811320756
213.0 0.8247887323943661
214.0 0.824859813084112
215.0 0.8253023255813952
216.0 0.8251851851851848
217.0 0.8252534562211985
218.0 0.8253211009174312
219.0 0.8257534246575342
220.0 0.8256363636363635
221.0 0.8258823529411768
222.0 0.8257657657657657
223.0 0.8256502242152465
224.0 0.8255357142857143
225.0 0.8255999999999998
226.0 0.8254867256637167
227.0 0.8259030837004406
228.0 0.8263157894736838
229.0 0.8265502183406112
230.0 0.8269565217391305
231.0 0.8273593073593072
232.0 0.8277586206896554
233.0 0.8279828326180257
234.0 0.8280341880341883
235.0 0.8280851063829787
236.0 0.8277966101694918
237.0 0.8278481012658228
238.0 0.8272268907563027
239.0 0.8276150627615059
240.0 0.828
241.0 0.8283817427385896
242.0 0.8289256198347107
243.0 0.8294650205761316
244.0 0.8299999999999998
245.0 0.8305306122448979
246.0 0.830731707317073
247.0 0.8309311740890686
248.0 0.8311290322580649
249.0 0.8313253012048196
250.0 0.83136
251.0 0.8313944223107568
252.0 0.831269841269841
253.0 0.8313043478260868
254.0 0.8314960629921258
255.0 0.8318431372549023
256.0 0.831875
257.0 0.8319066147859925
258.0 0.8319379844961244
259.0 0.8324324324324325
260.0 0.8329230769230765
261.0 0.8327969348659003
262.0 0.8325190839694656
263.0 0.833003802281369
264.0 0.8333333333333329
265.0 0.8332075471698109
266.0 0.8333834586466164
267.0 0.8332584269662919
268.0 0.8331343283582089
269.0 0.8333085501858739
270.0 0.8331851851851851
271.0 0.8335055350553504
272.0 0.833823529411765
273.0 0.8339926739926743
274.0 0.8344525547445255
275.0 0.8347636363636362
276.0 0.8350724637681158
277.0 0.8350902527075814
278.0 0.8352517985611512
279.0 0.8355555555555556
280.0 0.8352857142857142
281.0 0.8354448398576512
282.0 0.8356028368794324
283.0 0.8360424028268549
284.0 0.8360563380281689
285.0 0.8364912280701754
286.0 0.8366433566433569
287.0 0.8365156794425087
288.0 0.8365277777777778
289.0 0.8368166089965398
290.0 0.8369655172413791
291.0 0.8369759450171824
292.0 0.8368493150684935
293.0 0.8368600682593855
294.0 0.8367346938775512
295.0 0.8370169491525421
296.0 0.8370270270270268
297.0 0.8370370370370367
298.0 0.8370469798657718
299.0 0.8371906354515051
300.0 0.8371999999999999
301.0 0.8376079734219268
302.0 0.8380132450331129
303.0 0.8384158415841586
304.0 0.8386842105263154
305.0 0.8390819672131145
306.0 0.8392156862745102
307.0 0.8393485342019548
308.0 0.8393506493506494
309.0 0.8396116504854368
310.0 0.8396129032258062
311.0 0.8400000000000002
312.0 0.8402564102564102
313.0 0.8406389776357828
314.0 0.8405095541401275
315.0 0.8402539682539686
316.0 0.8400000000000002
317.0 0.8398738170347001
318.0 0.8397484276729557
319.0 0.8396238244514107
320.0 0.8397500000000001
321.0 0.839750778816199
322.0 0.84
323.0 0.8397523219814241
324.0 0.839506172839506
325.0 0.8393846153846154
326.0 0.8393865030674843
327.0 0.8393883792048933
328.0 0.8393902439024391
329.0 0.8390273556231003
330.0 0.8389090909090909
331.0 0.8390332326283982
332.0 0.839156626506024
333.0 0.8391591591591591
334.0 0.8391616766467065
335.0 0.8391641791044777
336.0 0.8390476190476193
337.0 0.8390504451038576
338.0 0.8392899408284022
339.0 0.8394100294985253
340.0 0.8391764705882352
341.0 0.8394134897360701
342.0 0.8394152046783623
343.0 0.8396501457725949
344.0 0.8398837209302326
345.0 0.8399999999999997
346.0 0.8402312138728323
347.0 0.8404610951008645
348.0 0.8408045977011493
349.0 0.8412607449856734
350.0 0.8417142857142855
351.0 0.8419373219373221
352.0 0.8420454545454544
353.0 0.8421529745042494
354.0 0.842372881355932
355.0 0.8422535211267603
356.0 0.8420224719101121
357.0 0.8420168067226893
358.0 0.8418994413407822
359.0 0.8422284122562673
360.0 0.8425555555555554
361.0 0.8426592797783934
362.0 0.8427624309392262
363.0 0.8430853994490362
364.0 0.8429670329670329
365.0 0.8431780821917808
366.0 0.8434972677595627
367.0 0.8437057220708447
368.0 0.8439130434782608
369.0 0.8439024390243899
370.0 0.8441081081081082
371.0 0.8443126684636119
372.0 0.844516129032258
373.0 0.8448257372654155
374.0 0.845133689839572
375.0 0.8453333333333333
376.0 0.8457446808510638
377.0 0.8459416445623343
378.0 0.8460317460317461
379.0 0.8463324538258572
380.0 0.8462105263157895
381.0 0.8461942257217848
382.0 0.846282722513089
383.0 0.8464751958224543
384.0 0.8462500000000001
385.0 0.8462337662337661
386.0 0.8462176165803108
387.0 0.8464082687338502
388.0 0.8464948453608246
389.0 0.8466838046272496
390.0 0.8466666666666666
391.0 0.8464450127877237
392.0 0.8466326530612245
393.0 0.846615776081425
394.0 0.8469035532994927
395.0 0.8469873417721517
396.0 0.847272727272727
397.0 0.8475566750629722
398.0 0.8475376884422113
399.0 0.8476190476190475
400.0 0.8474000000000003
401.0 0.8474812967581047
402.0 0.8474626865671642
403.0 0.847642679900744
404.0 0.8478217821782177
405.0 0.8479999999999999
406.0 0.8480788177339903
407.0 0.8482555282555284
408.0 0.8484313725490192
409.0 0.8483129584352077
410.0 0.8483902439024389
411.0 0.8483698296836982
412.0 0.848252427184466
413.0 0.8484261501210654
414.0 0.8485990338164251
415.0 0.8487710843373495
416.0 0.8489423076923077
417.0 0.8487290167865706
418.0 0.8488038277511958
419.0 0.8485918854415273
420.0 0.8483809523809521
421.0 0.8485510688836104
422.0 0.8487203791469194
423.0 0.8487943262411347
424.0 0.8487735849056603
425.0 0.8489411764705881
426.0 0.8486384976525825
427.0 0.8487119437939109
428.0 0.8489719626168222
429.0 0.8490442890442891
430.0 0.8491162790697674
431.0 0.8492807424593967
432.0 0.8494444444444442
433.0 0.8494226327944573
434.0 0.8491244239631339
435.0 0.8491954022988507
436.0 0.8492660550458716
437.0 0.8495194508009154
438.0 0.8494977168949772
439.0 0.8495671981776766
440.0 0.8498181818181818
441.0 0.8498866213151927
442.0 0.8498642533936651
443.0 0.8498419864559822
444.0 0.8499099099099099
445.0 0.8500674157303372
446.0 0.850224215246637
447.0 0.8502908277404921
448.0 0.8502678571428571
449.0 0.8501559020044543
450.0 0.8503111111111112
451.0 0.8502882483370289
452.0 0.8502654867256637
453.0 0.8502428256070638
454.0 0.8502202643171806
455.0 0.8500219780219783
456.0 0.8499122807017541
457.0 0.8501531728665206
458.0 0.850043668122271
459.0 0.8499346405228757
460.0 0.8500000000000001
461.0 0.8499783080260305
462.0 0.8497835497835496
463.0 0.8497624190064795
464.0 0.8499137931034482
465.0 0.8499784946236559
466.0 0.849871244635193
467.0 0.8498501070663812
468.0 0.8499145299145299
469.0 0.8499786780383795
470.0 0.8497021276595745
471.0 0.8497664543524417
472.0 0.8495762711864409
473.0 0.849556025369979
474.0 0.8493670886075948
475.0 0.8495157894736843
476.0 0.8493277310924366
477.0 0.8493081761006284
478.0 0.8494560669456068
479.0 0.8495198329853862
480.0 0.8495833333333332
481.0 0.8496465696465697
482.0 0.8494605809128633
483.0 0.8494409937888198
484.0 0.8492561983471073
485.0 0.8492371134020621
486.0 0.8488888888888887
487.0 0.848624229979466
488.0 0.8486885245901639
489.0 0.848588957055215
490.0 0.8485714285714283
491.0 0.8487169042769855
492.0 0.848861788617886
493.0 0.8489249492900609
494.0 0.8487449392712552
495.0 0.8487272727272728
496.0 0.848709677419355
497.0 0.8486116700201205
498.0 0.8486746987951809
499.0 0.8488176352705409
