1.0 0.03333333333333333
2.0 0.022222222222222223
3.0 0.022222222222222223
4.0 0.022222222222222223
5.0 0.017777777777777778
6.0 0.018518518518518517
7.0 0.017460317460317457
8.0 0.016666666666666666
9.0 0.017283950617283952
10.0 0.015555555555555555
11.0 0.015151515151515154
12.0 0.014814814814814817
13.0 0.013675213675213672
14.0 0.01349206349206349
15.0 0.014074074074074072
16.0 0.013194444444444444
17.0 0.01241830065359477
18.0 0.0117283950617284
19.0 0.011695906432748536
20.0 0.011666666666666667
21.0 0.01164021164021164
22.0 0.011616161616161616
23.0 0.012077294685990335
24.0 0.012037037037037034
25.0 0.012444444444444449
26.0 0.013247863247863244
27.0 0.012757201646090528
28.0 0.01309523809523809
29.0 0.013793103448275855
30.0 0.013333333333333332
31.0 0.013620071684587806
32.0 0.013194444444444444
33.0 0.012794612794612787
34.0 0.013071895424836602
35.0 0.013015873015873019
36.0 0.012962962962962966
37.0 0.012912912912912905
38.0 0.013157894736842098
39.0 0.013105413105413112
40.0 0.013055555555555563
41.0 0.01300813008130082
42.0 0.01296296296296297
43.0 0.012661498708010345
44.0 0.013131313131313124
45.0 0.013086419753086428
46.0 0.012801932367149754
47.0 0.013002364066193858
48.0 0.012731481481481491
49.0 0.012698412698412709
50.0 0.012444444444444449
51.0 0.012200435729847503
52.0 0.012179487179487188
53.0 0.012368972746331237
54.0 0.012139917695473242
55.0 0.012121212121212123
56.0 0.012103174603174614
57.0 0.012085769980506835
58.0 0.012452107279693493
59.0 0.012429378531073435
60.0 0.012222222222222237
61.0 0.012204007285974506
62.0 0.012365591397849453
63.0 0.012169312169312156
64.0 0.012152777777777778
65.0 0.012136752136752124
66.0 0.012289562289562283
67.0 0.012271973466003325
68.0 0.0122549019607843
69.0 0.01256038647342994
70.0 0.012539682539682528
71.0 0.012676056338028159
72.0 0.012499999999999987
73.0 0.012328767123287687
74.0 0.0123123123123123
75.0 0.012296296296296284
76.0 0.01228070175438597
77.0 0.012121212121212123
78.0 0.012535612535612526
79.0 0.012658227848101257
80.0 0.012638888888888882
81.0 0.01248285322359398
82.0 0.012330623306233069
83.0 0.012315930388219551
84.0 0.012169312169312163
85.0 0.012026143790849667
86.0 0.012015503875969004
87.0 0.011877394636015316
88.0 0.011994949494949489
89.0 0.012234706616729105
90.0 0.012469135802469127
91.0 0.012454212454212448
92.0 0.012439613526570059
93.0 0.012425328554360803
94.0 0.012411347517730487
95.0 0.012514619883040933
96.0 0.012615740740740736
97.0 0.012485681557846502
98.0 0.012471655328798195
99.0 0.012457912457912453
100.0 0.012444444444444452
101.0 0.012321232123212329
102.0 0.012200435729847496
103.0 0.012189859762675294
104.0 0.012286324786324786
105.0 0.012486772486772487
106.0 0.012473794549266247
107.0 0.01246105919003115
108.0 0.01255144032921811
109.0 0.012538226299694175
110.0 0.012626262626262612
111.0 0.012812812812812826
112.0 0.012797619047619049
113.0 0.012684365781710926
114.0 0.01286549707602341
115.0 0.012850241545893707
116.0 0.01273946360153256
117.0 0.012630579297245967
118.0 0.012523540489642168
119.0 0.012418300653594774
120.0 0.01231481481481482
121.0 0.012396694214876014
122.0 0.012295081967213125
123.0 0.012285456187895215
124.0 0.012275985663082432
125.0 0.012266666666666672
126.0 0.012257495590828905
127.0 0.012160979877515295
128.0 0.012152777777777778
129.0 0.012144702842377276
130.0 0.012222222222222206
131.0 0.012128922815945731
132.0 0.0122053872053872
133.0 0.012280701754385974
134.0 0.01227197346600333
135.0 0.012427983539094658
136.0 0.01249999999999998
137.0 0.01257096512570964
138.0 0.012560386473429948
139.0 0.012549960031974412
140.0 0.012539682539682526
141.0 0.012450748620961394
142.0 0.012441314553990598
143.0 0.0125097125097125
144.0 0.012499999999999987
145.0 0.012490421455938708
146.0 0.012404870624048717
147.0 0.012471655328798193
148.0 0.012387387387387394
149.0 0.012602535421327356
150.0 0.0125925925925926
151.0 0.012656364974245772
152.0 0.012573099415204675
153.0 0.01249092229484385
154.0 0.012481962481962464
155.0 0.012401433691756286
156.0 0.01239316239316238
157.0 0.012384996461429583
158.0 0.012376933895921238
159.0 0.012368972746331235
160.0 0.012430555555555547
161.0 0.012422360248447218
162.0 0.012482853223593975
163.0 0.01247443762781186
164.0 0.012398373983739844
165.0 0.01232323232323233
166.0 0.012315930388219543
167.0 0.012242182302062553
168.0 0.01223544973544973
169.0 0.012294543063773828
170.0 0.01235294117647058
171.0 0.01228070175438596
172.0 0.012209302325581406
173.0 0.012138728323699437
174.0 0.01206896551724139
175.0 0.012063492063492061
176.0 0.01212121212121213
177.0 0.01217827997489013
178.0 0.012109862671660438
179.0 0.012042209807572946
180.0 0.012037037037037032
181.0 0.012031921424186602
182.0 0.01202686202686202
183.0 0.012082574377656351
184.0 0.012077294685990347
185.0 0.012072072072072068
186.0 0.012007168458781354
187.0 0.012061794414735597
188.0 0.011997635933806145
189.0 0.011992945326278662
190.0 0.011988304093567262
191.0 0.011925538103548563
192.0 0.011921296296296296
193.0 0.0118595279217041
194.0 0.011798396334478796
195.0 0.011737891737891725
196.0 0.01179138321995464
197.0 0.011900733220530185
198.0 0.011896745230078559
199.0 0.011836962590731437
200.0 0.01183333333333334
201.0 0.011829740187949139
202.0 0.011771177117711779
203.0 0.011713191023535845
204.0 0.011764705882352929
205.0 0.011761517615176159
206.0 0.01175836030204962
207.0 0.01175523349436393
208.0 0.011752136752136742
209.0 0.011802232854864439
210.0 0.011746031746031737
211.0 0.011795681937862044
212.0 0.011740041928721188
213.0 0.011737089201877934
214.0 0.011786085150571115
215.0 0.01178294573643409
216.0 0.011728395061728392
217.0 0.011725550435227857
218.0 0.011722731906218135
219.0 0.01182141045154744
220.0 0.01176767676767676
221.0 0.011714429361488175
222.0 0.011711711711711708
223.0 0.011659192825112127
224.0 0.011607142857142847
225.0 0.011604938271604926
226.0 0.011651917404129802
227.0 0.011649534997552618
228.0 0.011647173489278767
229.0 0.011644832605531308
230.0 0.011690821256038642
231.0 0.011688311688311685
232.0 0.011685823754789278
233.0 0.011635670004768714
234.0 0.011585944919278248
235.0 0.011536643026004736
236.0 0.011534839924670418
237.0 0.011486169714017811
238.0 0.011531279178337997
239.0 0.011576011157601115
240.0 0.01157407407407407
241.0 0.011526048870447206
242.0 0.011570247933884278
243.0 0.011522633744855975
244.0 0.011520947176684879
245.0 0.011473922902494334
246.0 0.011427280939476063
247.0 0.011426000899685117
248.0 0.011514336917562719
249.0 0.011512717536813927
250.0 0.01151111111111112
251.0 0.01155378486055776
252.0 0.011552028218694867
253.0 0.011506368028107162
254.0 0.011461067366579166
255.0 0.011459694989106735
256.0 0.011414930555555555
257.0 0.01137051448335493
258.0 0.011369509043927658
259.0 0.011497211497211486
260.0 0.011495726495726477
261.0 0.011494252873563216
262.0 0.01145038167938931
263.0 0.011406844106463877
264.0 0.011363636363636359
265.0 0.011320754716981131
266.0 0.011319966583124485
267.0 0.011319184352892232
268.0 0.011359867330016584
269.0 0.011317637339942187
270.0 0.011275720164609052
271.0 0.011275112751127508
272.0 0.011233660130718935
273.0 0.011233211233211216
274.0 0.011192214111922139
275.0 0.011191919191919192
276.0 0.01123188405797102
277.0 0.01123144805455275
278.0 0.01123101518784972
279.0 0.011310234966148943
280.0 0.011309523809523795
281.0 0.011308817714511652
282.0 0.011268715524034674
283.0 0.01130742049469965
284.0 0.011306729264475733
285.0 0.01126705653021444
286.0 0.01122766122766123
287.0 0.011227255129694165
288.0 0.011226851851851837
289.0 0.011188004613610154
290.0 0.011226053639846755
291.0 0.01118747613592973
292.0 0.01122526636225268
293.0 0.011224876753886991
294.0 0.011186696900982623
295.0 0.011261770244821088
296.0 0.011298798798798793
297.0 0.011298166853722407
298.0 0.01133482475764355
299.0 0.01133407655146785
300.0 0.011370370370370371
301.0 0.011369509043927643
302.0 0.011368653421633552
303.0 0.011367803447011375
304.0 0.011403508771929825
305.0 0.011402550091074671
306.0 0.01136528685548292
307.0 0.011436844010133914
308.0 0.011471861471861468
309.0 0.011434735706580358
310.0 0.011433691756272402
311.0 0.01139692747409789
312.0 0.011396011396011376
313.0 0.011359602413915499
314.0 0.01132342533616419
315.0 0.011322751322751302
316.0 0.011286919831223626
317.0 0.011356466876971614
318.0 0.01135569531795947
319.0 0.011320097526994073
320.0 0.011319444444444434
321.0 0.011388023537556245
322.0 0.0113871635610766
323.0 0.011420708634330921
324.0 0.011419753086419768
325.0 0.011418803418803433
326.0 0.01141785957736878
327.0 0.01141692150866462
328.0 0.011415989159891605
329.0 0.011415062478892254
330.0 0.011481481481481474
331.0 0.011446794226250416
332.0 0.01147925033467202
333.0 0.011478144811478132
334.0 0.011477045908183632
335.0 0.011509121061359867
336.0 0.011474867724867704
337.0 0.011440817672271663
338.0 0.011439842209072975
339.0 0.01143887250081939
340.0 0.011437908496732005
341.0 0.011436950146627557
342.0 0.011403508771929813
343.0 0.011402656300615478
344.0 0.011401808785529724
345.0 0.01136876006441223
346.0 0.011335902376364813
347.0 0.011335254562920276
348.0 0.011398467432950195
349.0 0.011397644062400502
350.0 0.011428571428571413
351.0 0.011396011396011397
352.0 0.01139520202020202
353.0 0.011394397230091292
354.0 0.011393596986817323
355.0 0.01139280125195617
356.0 0.0113920099875156
357.0 0.011391223155929017
358.0 0.011421477343265056
359.0 0.011451562983596422
360.0 0.01148148148148146
361.0 0.011449676823638032
362.0 0.011448741559238798
363.0 0.011509029690847885
364.0 0.011538461538461517
365.0 0.01162861491628615
366.0 0.011596842744383737
367.0 0.011595519224947016
368.0 0.011594202898550735
369.0 0.011562782294489605
370.0 0.011591591591591581
371.0 0.011680143755615456
372.0 0.011648745519713252
373.0 0.011647304140601732
374.0 0.01161616161616164
375.0 0.011585185185185176
376.0 0.01155437352245864
377.0 0.011523725316828768
378.0 0.011493239271017058
379.0 0.011462914101436517
380.0 0.011461988304093583
381.0 0.01143190434529018
382.0 0.011431064572425821
383.0 0.011459239918769945
384.0 0.011458333333333348
385.0 0.011486291486291487
386.0 0.01148531951640762
387.0 0.011541774332472002
388.0 0.0115406643757159
389.0 0.011568123393316206
390.0 0.011595441595441574
391.0 0.01159420289855072
392.0 0.011621315192743755
393.0 0.011648289510884926
394.0 0.011618725324309078
395.0 0.011589310829817158
396.0 0.011560044893378234
397.0 0.01155891407780576
398.0 0.011557788944723622
399.0 0.011528822055137833
400.0 0.01158333333333332
401.0 0.0115544472152951
402.0 0.011525704809286894
403.0 0.011524676040805076
404.0 0.011496149614961504
405.0 0.01149519890260633
406.0 0.011494252873563229
407.0 0.011493311493311507
408.0 0.011492374727668824
409.0 0.011464276011953278
410.0 0.01149051490514906
411.0 0.011489591781562577
412.0 0.01146170442286947
413.0 0.011514662362119996
414.0 0.011513687600644144
415.0 0.011566265060240978
416.0 0.011591880341880322
417.0 0.011564082067679195
418.0 0.011562998405103669
419.0 0.011614956245027851
420.0 0.01164021164021162
421.0 0.011665347057271066
422.0 0.011716692996313848
423.0 0.011767796164959295
424.0 0.011766247379454937
425.0 0.011790849673202616
426.0 0.011841418883672395
427.0 0.011917772573510286
428.0 0.011889927310488045
429.0 0.011888111888111888
430.0 0.01191214470284238
431.0 0.011910286156225832
432.0 0.011908436213991768
433.0 0.01188093405183474
434.0 0.011879160266257044
435.0 0.011877394636015325
436.0 0.011850152905198776
437.0 0.011823035850495787
438.0 0.011796042617960432
439.0 0.011769172361427478
440.0 0.011767676767676769
441.0 0.011740992693373645
442.0 0.0117898441427853
443.0 0.011813393528969159
444.0 0.011811811811811814
445.0 0.011785268414481897
446.0 0.01178375685102144
447.0 0.011807109122545354
448.0 0.011780753968253968
449.0 0.011754516208859192
450.0 0.01177777777777777
451.0 0.011800936191180085
452.0 0.011774827925270397
453.0 0.011797890605837639
454.0 0.011771904062652966
455.0 0.011746031746031727
456.0 0.011720272904483428
457.0 0.011718939946511058
458.0 0.011693352741387669
459.0 0.011716291454853539
460.0 0.011690821256038651
461.0 0.011689563750301274
462.0 0.011712361712361705
463.0 0.011735061195104389
464.0 0.011709770114942534
465.0 0.011708482676224612
466.0 0.011683357176919413
467.0 0.011729716868903164
468.0 0.011728395061728375
469.0 0.011774461028192386
470.0 0.011773049645390062
471.0 0.01179523472517103
472.0 0.011770244821092265
473.0 0.01176885130373502
474.0 0.011767463666197846
475.0 0.01178947368421053
476.0 0.011834733893557402
477.0 0.01183321686466341
478.0 0.01180846118084612
479.0 0.01180700533518905
480.0 0.011805555555555536
481.0 0.01180411180411181
482.0 0.011802674043337924
483.0 0.011801242236024847
484.0 0.011799816345270891
485.0 0.01182130584192438
486.0 0.011865569272976684
487.0 0.011841204654346345
488.0 0.011816939890710386
489.0 0.011792774369461485
490.0 0.011791383219954642
491.0 0.011789997737044582
492.0 0.011788617886178864
493.0 0.011764705882352943
494.0 0.011740890688259108
495.0 0.011762065095398426
496.0 0.011738351254480297
497.0 0.011714732841493403
498.0 0.011735832217759925
499.0 0.011734580271654428
