8 42
10 40
9 41
5 45
7 43
14 36
11 39
11 39
9 41
8 42
10 40
9 41
8 42
11 39
10 40
7 43
8 42
6 44
8 42
8 42
6 44
11 39
5 45
3 47
9 41
8 42
7 43
12 38
8 42
8 42
8 42
7 43
4 46
5 45
7 43
10 40
9 41
7 43
9 41
6 44
8 42
8 42
10 40
6 44
9 41
7 43
7 43
8 42
9 41
8 42
7 43
4 46
9 41
6 44
6 44
10 40
9 41
7 43
7 43
6 44
8 42
6 44
11 39
8 42
6 44
7 43
10 40
7 43
11 39
9 41
10 40
4 46
6 44
6 44
5 45
7 43
13 37
11 39
7 43
9 41
6 44
5 45
7 43
5 45
8 42
10 40
4 46
10 40
6 44
5 45
12 38
9 41
10 40
10 40
6 44
7 43
11 39
6 44
8 42
9 41
9 41
4 46
14 36
7 43
8 42
9 41
6 44
7 43
6 44
8 42
6 44
6 44
6 44
9 41
8 42
5 45
6 44
5 45
8 42
6 44
6 44
7 43
6 44
5 45
1 49
5 45
6 44
10 40
7 43
7 43
8 42
6 44
3 47
7 43
10 40
6 44
8 42
8 42
8 42
8 42
7 43
10 40
7 43
9 41
9 41
9 41
10 40
9 41
7 43
12 38
10 40
8 42
5 45
7 43
7 43
8 42
6 44
9 41
8 42
6 44
11 39
7 43
9 41
5 45
4 46
7 43
10 40
8 42
7 43
9 41
7 43
6 44
10 40
12 38
8 42
8 42
9 41
11 39
6 44
9 41
9 41
9 41
6 44
8 42
11 39
7 43
6 44
9 41
8 42
8 42
11 39
8 42
3 47
7 43
7 43
9 41
11 39
8 42
8 42
7 43
5 45
6 44
7 43
7 43
8 42
6 44
7 43
4 46
8 42
7 43
9 41
7 43
5 45
6 44
10 40
8 42
5 45
9 41
8 42
8 42
8 42
9 41
10 40
4 46
7 43
6 44
7 43
6 44
6 44
7 43
6 44
7 43
5 45
7 43
10 40
13 37
8 42
4 46
5 45
4 46
9 41
7 43
6 44
9 41
9 41
7 43
4 46
7 43
5 45
9 41
7 43
11 39
7 43
6 44
6 44
5 45
8 42
4 46
11 39
5 45
12 38
6 44
5 45
7 43
11 39
5 45
7 43
3 47
6 44
5 45
7 43
8 42
7 43
7 43
11 39
6 44
4 46
8 42
6 44
8 42
11 39
6 44
6 44
3 47
8 42
4 46
7 43
12 38
5 45
11 39
4 46
8 42
6 44
3 47
8 42
6 44
9 41
9 41
4 46
5 45
4 46
12 38
10 40
7 43
9 41
7 43
9 41
9 41
9 41
8 42
5 45
5 45
8 42
9 41
8 42
7 43
6 44
4 46
4 46
6 44
3 47
7 43
8 42
7 43
5 45
8 42
4 46
6 44
10 40
8 42
7 43
6 44
8 42
11 39
7 43
8 42
6 44
6 44
8 42
8 42
8 42
7 43
5 45
6 44
2 48
11 39
4 46
9 41
6 44
3 47
7 43
5 45
3 47
4 46
4 46
8 42
8 42
9 41
3 47
6 44
7 43
3 47
8 42
8 42
6 44
4 46
13 37
6 44
8 42
6 44
5 45
9 41
7 43
9 41
8 42
9 41
5 45
7 43
4 46
11 39
8 42
8 42
5 45
4 46
7 43
11 39
6 44
7 43
5 45
6 44
8 42
8 42
5 45
10 40
6 44
8 42
8 42
7 43
7 43
8 42
13 37
4 46
4 46
9 41
6 44
5 45
7 43
9 41
4 46
7 43
5 45
3 47
5 45
2 48
5 45
6 44
5 45
6 44
5 45
8 42
7 43
5 45
5 45
3 47
6 44
5 45
9 41
7 43
8 42
12 38
4 46
6 44
9 41
6 44
6 44
5 45
6 44
6 44
6 44
8 42
9 41
4 46
6 44
4 46
5 45
6 44
6 44
6 44
4 46
7 43
8 42
4 46
3 47
4 46
6 44
10 40
6 44
8 42
7 43
6 44
11 39
7 43
10 40
8 42
9 41
8 42
6 44
3 47
9 41
12 38
9 41
4 46
8 42
9 41
4 46
8 42
15 35
4 46
6 44
7 43
6 44
7 43
10 40
5 45
8 42
10 40
8 42
11 39
9 41
6 44
4 46
6 44
5 45
4 46
4 46
8 42
8 42
9 41
9 41
