1.0 0.16
2.0 0.18
3.0 0.18000000000000005
4.0 0.16
5.0 0.15600000000000003
6.0 0.17666666666666672
7.0 0.18285714285714288
8.0 0.1875
9.0 0.1866666666666666
10.0 0.18399999999999997
11.0 0.18545454545454543
12.0 0.18500000000000003
13.0 0.18307692307692303
14.0 0.1857142857142857
15.0 0.18666666666666662
16.0 0.18375
17.0 0.18235294117647052
18.0 0.17888888888888885
19.0 0.1778947368421052
20.0 0.17699999999999996
21.0 0.1742857142857142
22.0 0.17636363636363633
23.0 0.1730434782608696
24.0 0.16833333333333336
25.0 0.1688000000000001
26.0 0.16846153846153847
27.0 0.1674074074074074
28.0 0.16999999999999998
29.0 0.16965517241379316
30.0 0.16933333333333328
31.0 0.16903225806451608
32.0 0.168125
33.0 0.1654545454545454
34.0 0.16352941176470584
35.0 0.16285714285714284
36.0 0.1638888888888889
37.0 0.16432432432432434
38.0 0.16368421052631582
39.0 0.16410256410256402
40.0 0.16299999999999998
41.0 0.16292682926829277
42.0 0.16285714285714276
43.0 0.1637209302325581
44.0 0.16272727272727272
45.0 0.1631111111111111
46.0 0.1626086956521739
47.0 0.16212765957446806
48.0 0.16208333333333336
49.0 0.16244897959183674
50.0 0.16240000000000002
51.0 0.16196078431372546
52.0 0.16038461538461538
53.0 0.16075471698113208
54.0 0.16
55.0 0.15927272727272723
56.0 0.16000000000000003
57.0 0.16035087719298244
58.0 0.15999999999999998
59.0 0.15966101694915252
60.0 0.15899999999999997
61.0 0.15901639344262292
62.0 0.15838709677419355
63.0 0.1593650793650793
64.0 0.159375
65.0 0.15876923076923075
66.0 0.15848484848484848
67.0 0.15910447761194033
68.0 0.15882352941176467
69.0 0.15971014492753627
70.0 0.15999999999999995
71.0 0.16056338028169012
72.0 0.1594444444444444
73.0 0.15890410958904114
74.0 0.15837837837837834
75.0 0.15759999999999996
76.0 0.15736842105263163
77.0 0.1587012987012987
78.0 0.15948717948717947
79.0 0.1592405063291139
80.0 0.15949999999999998
81.0 0.1590123456790124
82.0 0.1582926829268293
83.0 0.15807228915662652
84.0 0.15738095238095234
85.0 0.1574117647058823
86.0 0.1579069767441861
87.0 0.15701149425287353
88.0 0.15749999999999992
89.0 0.15707865168539323
90.0 0.1564444444444444
91.0 0.15736263736263734
92.0 0.157608695652174
93.0 0.15806451612903216
94.0 0.15851063829787237
95.0 0.15810526315789475
96.0 0.15791666666666668
97.0 0.15855670103092784
98.0 0.15816326530612246
99.0 0.15818181818181817
100.0 0.1584
101.0 0.1586138613861387
102.0 0.15784313725490196
103.0 0.1590291262135923
104.0 0.15884615384615383
105.0 0.15885714285714286
106.0 0.15905660377358488
107.0 0.15869158878504672
108.0 0.15851851851851853
109.0 0.15816513761467896
110.0 0.15818181818181817
111.0 0.15783783783783778
112.0 0.15750000000000003
113.0 0.1571681415929204
114.0 0.15736842105263155
115.0 0.15739130434782614
116.0 0.15689655172413794
117.0 0.15658119658119662
118.0 0.15610169491525422
119.0 0.15613445378151264
120.0 0.15583333333333327
121.0 0.15553719008264463
122.0 0.15540983606557374
123.0 0.15512195121951217
124.0 0.15467741935483875
125.0 0.15360000000000007
126.0 0.15317460317460319
127.0 0.15291338582677155
128.0 0.15328125
129.0 0.15317829457364354
130.0 0.15307692307692314
131.0 0.15312977099236644
132.0 0.15287878787878784
133.0 0.15218045112781953
134.0 0.15208955223880594
135.0 0.15244444444444444
136.0 0.15220588235294122
137.0 0.1522627737226277
138.0 0.15231884057971018
139.0 0.15237410071942448
140.0 0.1524285714285715
141.0 0.15234042553191482
142.0 0.15267605633802817
143.0 0.1525874125874126
144.0 0.1527777777777778
145.0 0.15296551724137933
146.0 0.15315068493150685
147.0 0.15346938775510208
148.0 0.1536486486486487
149.0 0.15355704697986577
150.0 0.15413333333333334
151.0 0.15443708609271525
152.0 0.1544736842105263
153.0 0.15411764705882358
154.0 0.15402597402597398
155.0 0.15393548387096773
156.0 0.153974358974359
157.0 0.15375796178343962
158.0 0.15392405063291137
159.0 0.1539622641509435
160.0 0.15374999999999997
161.0 0.15416149068322976
162.0 0.15407407407407406
163.0 0.15423312883435583
164.0 0.15390243902439021
165.0 0.15345454545454543
166.0 0.15337349397590355
167.0 0.1536526946107784
168.0 0.15369047619047618
169.0 0.15360946745562123
170.0 0.15376470588235297
171.0 0.15368421052631573
172.0 0.15348837209302327
173.0 0.153757225433526
174.0 0.15425287356321837
175.0 0.1542857142857143
176.0 0.1543181818181818
177.0 0.15446327683615815
178.0 0.1548314606741573
179.0 0.15463687150837988
180.0 0.1547777777777778
181.0 0.1549171270718232
182.0 0.15505494505494508
183.0 0.15486338797814211
184.0 0.15489130434782608
185.0 0.15524324324324323
186.0 0.1551612903225807
187.0 0.15497326203208553
188.0 0.1551063829787234
189.0 0.15513227513227512
190.0 0.15515789473684208
191.0 0.15549738219895287
192.0 0.15552083333333339
193.0 0.15502590673575123
194.0 0.1549484536082475
195.0 0.15487179487179498
196.0 0.155
197.0 0.15532994923857865
198.0 0.15535353535353535
199.0 0.1553768844221105
200.0 0.15529999999999994
201.0 0.15502487562189055
202.0 0.15485148514851482
203.0 0.1547783251231527
204.0 0.1547058823529413
205.0 0.15473170731707325
206.0 0.15456310679611654
207.0 0.15449275362318826
208.0 0.1541346153846154
209.0 0.1541626794258373
210.0 0.15409523809523823
211.0 0.15421800947867292
212.0 0.15415094339622637
213.0 0.1538967136150235
214.0 0.1537383177570093
215.0 0.153953488372093
216.0 0.15398148148148144
217.0 0.15373271889400925
218.0 0.1538532110091743
219.0 0.15388127853881275
220.0 0.15390909090909094
221.0 0.15393665158371053
222.0 0.154054054054054
223.0 0.15426008968609864
224.0 0.15392857142857144
225.0 0.15386666666666668
226.0 0.15371681415929203
227.0 0.15365638766519824
228.0 0.15350877192982454
229.0 0.15336244541484717
230.0 0.15330434782608693
231.0 0.1531601731601732
232.0 0.153103448275862
233.0 0.15287553648068672
234.0 0.15282051282051298
235.0 0.15302127659574463
236.0 0.15347457627118638
237.0 0.15350210970464137
238.0 0.1531932773109245
239.0 0.1529707112970712
240.0 0.1526666666666667
241.0 0.15278008298755202
242.0 0.1527272727272727
243.0 0.15259259259259264
244.0 0.15270491803278685
245.0 0.15281632653061225
246.0 0.15276422764227635
247.0 0.1524696356275304
248.0 0.15241935483870966
249.0 0.15220883534136553
250.0 0.15231999999999996
251.0 0.15227091633466128
252.0 0.15253968253968264
253.0 0.15249011857707512
254.0 0.15236220472440934
255.0 0.1522352941176472
256.0 0.15203125
257.0 0.15206225680933863
258.0 0.15178294573643417
259.0 0.15204633204633208
260.0 0.15184615384615396
261.0 0.15218390804597695
262.0 0.15206106870229008
263.0 0.15186311787072246
264.0 0.15181818181818188
265.0 0.15207547169811325
266.0 0.15187969924812036
267.0 0.1518352059925094
268.0 0.15149253731343287
269.0 0.15137546468401483
270.0 0.1511851851851852
271.0 0.15114391143911438
272.0 0.15117647058823527
273.0 0.15113553113553127
274.0 0.15109489051094893
275.0 0.15134545454545462
276.0 0.151231884057971
277.0 0.15097472924187721
278.0 0.1510071942446043
279.0 0.15089605734767023
280.0 0.15092857142857144
281.0 0.1511743772241993
282.0 0.1510638297872341
283.0 0.1509540636042404
284.0 0.15063380281690145
285.0 0.15066666666666664
286.0 0.15041958041958045
287.0 0.15038327526132406
288.0 0.1506944444444445
289.0 0.15051903114186851
290.0 0.1507586206896552
291.0 0.1505154639175259
292.0 0.15054794520547943
293.0 0.15044368600682598
294.0 0.1501360544217688
295.0 0.15016949152542375
296.0 0.15006756756756762
297.0 0.15016835016835017
298.0 0.15026845637583897
299.0 0.1500334448160535
300.0 0.14986666666666662
301.0 0.14963455149501664
302.0 0.149933774834437
303.0 0.15009900990099007
304.0 0.15006578947368426
305.0 0.1501639344262294
306.0 0.15013071895424848
307.0 0.1502280130293159
308.0 0.1503246753246753
309.0 0.15042071197411003
310.0 0.15045161290322576
311.0 0.1502893890675241
312.0 0.15012820512820516
313.0 0.15015974440894564
314.0 0.15025477707006368
315.0 0.1502857142857144
316.0 0.15025316455696205
317.0 0.15015772870662455
318.0 0.14993710691823903
319.0 0.14971786833855805
320.0 0.14962500000000004
321.0 0.14934579439252332
322.0 0.1493167701863354
323.0 0.1493498452012384
324.0 0.149320987654321
325.0 0.14916923076923078
326.0 0.14920245398773008
327.0 0.14899082568807342
328.0 0.14890243902439027
329.0 0.14905775075987848
330.0 0.14909090909090916
331.0 0.14906344410876138
332.0 0.14897590361445787
333.0 0.14900900900900896
334.0 0.14922155688622765
335.0 0.14919402985074626
336.0 0.14922619047619043
337.0 0.1491394658753709
338.0 0.1490532544378698
339.0 0.14908554572271387
340.0 0.14911764705882366
341.0 0.14914956011730196
342.0 0.1491228070175439
343.0 0.14897959183673473
344.0 0.14889534883720926
345.0 0.14857971014492757
346.0 0.14878612716763007
347.0 0.14858789625360228
348.0 0.14867816091954023
349.0 0.14859598853868192
350.0 0.1483428571428571
351.0 0.14831908831908838
352.0 0.14818181818181825
353.0 0.14793201133144473
354.0 0.1477401129943503
355.0 0.1475492957746479
356.0 0.14758426966292135
357.0 0.14761904761904773
358.0 0.14770949720670387
359.0 0.14746518105849585
360.0 0.14738888888888887
361.0 0.1473684210526315
362.0 0.14712707182320445
363.0 0.14716253443526167
364.0 0.1471978021978023
365.0 0.14712328767123292
366.0 0.1469398907103825
367.0 0.14724795640326974
368.0 0.14717391304347824
369.0 0.1472086720867208
370.0 0.14713513513513518
371.0 0.14700808625336922
372.0 0.14709677419354836
373.0 0.1470777479892762
374.0 0.1471657754010695
375.0 0.14720000000000005
376.0 0.1472872340425532
377.0 0.14716180371352783
378.0 0.1471428571428572
379.0 0.1469656992084433
380.0 0.14715789473684215
381.0 0.14719160104986878
382.0 0.14722513089005237
383.0 0.1471018276762402
384.0 0.14692708333333335
385.0 0.14690909090909093
386.0 0.14709844559585486
387.0 0.1470284237726098
388.0 0.14701030927835057
389.0 0.14688946015424167
390.0 0.14682051282051284
391.0 0.14685421994884904
392.0 0.14688775510204077
393.0 0.14676844783715012
394.0 0.14690355329949234
395.0 0.1468354430379746
396.0 0.14686868686868687
397.0 0.1469017632241813
398.0 0.14688442211055272
399.0 0.1468671679197995
400.0 0.14689999999999995
401.0 0.1471820448877805
402.0 0.14701492537313435
403.0 0.146848635235732
404.0 0.14693069306930698
405.0 0.1468641975308642
406.0 0.14674876847290644
407.0 0.14673218673218674
408.0 0.14681372549019608
409.0 0.14665036674816626
410.0 0.1466341463414634
411.0 0.14652068126520681
412.0 0.14631067961165042
413.0 0.14619854721549638
414.0 0.14594202898550718
415.0 0.14583132530120482
416.0 0.1457692307692308
417.0 0.14565947242206234
418.0 0.1455980861244019
419.0 0.14548926014319813
420.0 0.1455238095238096
421.0 0.14551068883610452
422.0 0.1454028436018957
423.0 0.14529550827423174
424.0 0.14509433962264146
425.0 0.14503529411764707
426.0 0.14492957746478868
427.0 0.1450117096018736
428.0 0.14499999999999996
429.0 0.14503496503496502
430.0 0.14525581395348844
431.0 0.14510440835266822
432.0 0.1450462962962963
433.0 0.14512702078521944
434.0 0.14506912442396314
435.0 0.14501149425287352
436.0 0.14490825688073397
437.0 0.1448512585812357
438.0 0.14479452054794523
439.0 0.14473804100227794
440.0 0.1447727272727273
441.0 0.14485260770975059
442.0 0.14470588235294132
443.0 0.14465011286681714
444.0 0.14450450450450453
445.0 0.1444044943820225
446.0 0.14434977578475341
447.0 0.1442953020134229
448.0 0.14424107142857143
449.0 0.14409799554565708
450.0 0.14408888888888885
451.0 0.1441241685144124
452.0 0.14398230088495573
453.0 0.1437969094922737
454.0 0.14365638766519823
455.0 0.14360439560439572
456.0 0.1437280701754386
457.0 0.14367614879649884
458.0 0.1437117903930132
459.0 0.14370370370370375
460.0 0.14365217391304347
461.0 0.14381778741865517
462.0 0.14380952380952383
463.0 0.14393088552915767
464.0 0.14396551724137932
465.0 0.14404301075268822
466.0 0.14407725321888412
467.0 0.1440256959314775
468.0 0.14384615384615398
469.0 0.1439232409381663
470.0 0.14412765957446805
471.0 0.14420382165605097
472.0 0.14406779661016952
473.0 0.1441014799154334
474.0 0.14417721518987342
475.0 0.14404210526315786
476.0 0.144075630252101
477.0 0.14440251572327048
478.0 0.14426778242677835
479.0 0.14421711899791223
480.0 0.14420833333333336
481.0 0.14415800415800417
482.0 0.14414937759336113
483.0 0.14426501035196684
484.0 0.14417355371900833
485.0 0.14420618556701045
486.0 0.14432098765432091
487.0 0.14435318275154008
488.0 0.1445081967213115
489.0 0.1445807770961145
490.0 0.14453061224489794
491.0 0.14439918533604892
492.0 0.14434959349593496
493.0 0.14425963488843818
494.0 0.1441295546558704
495.0 0.14399999999999996
496.0 0.1440322580645161
497.0 0.14406438631790747
498.0 0.14413654618473898
499.0 0.14420841683366736
