0.01 0.01
0.02 0.02
0.03 0.03
0.04 0.04
0.05 0.05
0.06 0.05998379527620547
0.07 0.06990277165723308
0.08 0.07998379527620547
0.09 0.08991897638102753
0.1 0.09998379527620554
0.11 0.10978933859067154
0.12 0.11977313386687716
0.13 0.12928699215304273
0.14 0.13891428350576962
0.15 0.14948144883857636
0.16 0.15922217325786478
0.17 0.16755308670703273
0.18 0.17907633074371432
0.19 0.18779615756395004
0.2 0.19526822065201044
0.21 0.20443559147686202
0.22 0.21140926380884972
0.23 0.21574542675989947
0.24 0.21318837650821318
0.25 0.2149844494774281
0.26 0.2065742565949699
0.27 0.1977868180562043
0.28 0.18795334209673853
0.29 0.17915544732131192
0.3 0.17178270334138768
0.31 0.15993880924369605
0.32 0.15325915223853873
0.33 0.14418595314622393
0.34 0.1374331916772492
0.35 0.13043092728672928
0.36 0.12419393442502258
0.37 0.12016531221959367
0.38 0.11427154952687815
0.39 0.11131109177465955
0.4 0.10580325377271856
0.41 0.0975703444175408
0.42 0.09529893729924993
0.43 0.09351623893041963
0.44 0.08765020227169242
0.45 0.08555746855537029
0.46 0.08119493218167931
0.47 0.08039033218514113
0.48 0.07492118512959944
0.49 0.07163115193778727
0.5 0.07170450679792395
0.51 0.06863005121692535
0.52 0.06666469220798675
0.53 0.06557034897157041
0.54 0.06045573410657909
0.55 0.05966954049386172
0.56 0.05739385860286899
0.57 0.05680172569073069
0.58 0.05497969459703931
0.59 0.05140776659372374
0.6 0.05002823472964806
0.61 0.04743013093993874
0.62 0.04565509298821566
0.63 0.04453322904476289
0.64 0.04421031908906039
0.65 0.043224320712540704
0.66 0.03972180555083761
0.67 0.038376544309556615
0.68 0.039485515471676655
0.69 0.03595158684408538
0.7 0.033327670544983375
0.71 0.032907938996977484
0.72 0.032999006684922394
0.73 0.03098604851624488
0.74 0.0300082820335656
0.75 0.028764634384957907
0.76 0.027269885888098644
0.77 0.02665217552389263
0.78 0.024115975615436824
0.79 0.022587979410496607
0.8 0.022328304249710135
0.81 0.019989678307645836
0.82 0.018913420532668954
0.83 0.017200548990909142
0.84 0.01771551413281571
0.85 0.015733922182447353
0.86 0.014906176752343516
0.87 0.013981249281496261
0.88 0.012788235703513859
0.89 0.0112304175458781
0.9 0.010536575910772988
0.91 0.008209861496194714
0.92 0.008495311195611734
0.93 0.007010745544044931
0.94 0.006007561108611841
0.95 0.00483494349898543
0.96 0.004195203182534356
0.97 0.003011290332238941
0.98 0.0023429594418722887
0.99 0.0008749778676008964
1.0 0.0
