0.01 0.01
0.02 0.019967590552411044
0.03 0.03
0.04 0.04
0.05 0.05
0.06 0.059951385828616484
0.07 0.07
0.08 0.07987036220964441
0.09 0.08993518110482217
0.1 0.09995138582861664
0.11 0.10996759055241098
0.12 0.11985415748584964
0.13 0.1299837952762055
0.14 0.13985415748584967
0.15 0.14996759055241096
0.16 0.15995138582861668
0.17 0.16985415748584962
0.18 0.17996759055241102
0.19 0.18964349607652112
0.2 0.19980554331446607
0.21 0.20990277165723323
0.22 0.21967590552411084
0.23 0.22944903939098787
0.24 0.2399027716572334
0.25 0.2494166299433987
0.26 0.2597083149716992
0.27 0.26901151184853683
0.28 0.278736031544031
0.29 0.2893680157720155
0.3 0.2980230236970721
0.31 0.30889807878197545
0.32 0.31933560632442637
0.33 0.32855777958229104
0.34 0.3385577795822914
0.35 0.3486388032012631
0.36 0.35824988983019457
0.37 0.3676017008784155
0.38 0.37846055123952366
0.39 0.3863053229748574
0.4 0.3964187560414182
0.41 0.40427973250054683
0.42 0.4135829293773836
0.43 0.42443123334082195
0.44 0.4355599056803113
0.45 0.43672832303523257
0.46 0.448897361029516
0.47 0.44655312889852145
0.48 0.4641015211822107
0.49 0.4579450239757329
0.5 0.4338719066596053
0.51 0.44501057550485573
0.52 0.4209313234864745
0.53 0.40330869658268065
0.54 0.4063429234066286
0.55 0.3892082046861496
0.56 0.354845825286829
0.57 0.33874269117314393
0.58 0.330386684424931
0.59 0.2967835825971352
0.6 0.27575375188209145
0.61 0.27495142362049085
0.62 0.2404073023331456
0.63 0.2332030218305484
0.64 0.2290989986206741
0.65 0.21027119986563803
0.66 0.19451868989761706
0.67 0.18961278286742966
0.68 0.18041248881197142
0.69 0.15818668555499532
0.7 0.16071034652386348
0.71 0.14630104283853235
0.72 0.13754527769339267
0.73 0.13354638889814027
0.74 0.12879837523552676
0.75 0.1191132624035785
0.76 0.10900147850254822
0.77 0.10381727811653048
0.78 0.100029297375493
0.79 0.0896115579061761
0.8 0.08505033037706751
0.81 0.0763887237774129
0.82 0.06862334594379926
0.83 0.06436759366361469
0.84 0.06461724259884764
0.85 0.057824535319501866
0.86 0.05255033079773413
0.87 0.05001759758689731
0.88 0.0454164685572206
0.89 0.04027125962295478
0.9 0.03739020752594579
0.91 0.033033184724556415
0.92 0.0265603098303062
0.93 0.02586626407606685
0.94 0.01850014067121617
0.95 0.01788505361952608
0.96 0.014367991831710591
0.97 0.009821475646231854
0.98 0.007444165888250525
0.99 0.00279691366616044
1.0 0.0
