0.01 0.01
0.02 0.02
0.03 0.03
0.04 0.04
0.05 0.05
0.06 0.06
0.07 0.07
0.08 0.08
0.09 0.09
0.1 0.09998379527620554
0.11 0.1099837952762055
0.12 0.12
0.13 0.12996759055241097
0.14 0.13993518110482212
0.15 0.149967590552411
0.16 0.15995138582861665
0.17 0.1698865669334386
0.18 0.17998379527620534
0.19 0.18995138582861662
0.2 0.19991897638102762
0.21 0.20993518110482196
0.22 0.21987036220964437
0.23 0.22991897638102737
0.24 0.23983795276205513
0.25 0.2497245196954942
0.26 0.259805543314466
0.27 0.2699027716572334
0.28 0.27988656693343866
0.29 0.2894004252196044
0.3 0.29975692914308294
0.31 0.30988656693343875
0.32 0.3197893385906718
0.33 0.32961108662893224
0.34 0.338914283505769
0.35 0.3496110866289322
0.36 0.35920596853406994
0.37 0.3696110866289323
0.38 0.379303196876837
0.39 0.38927078742924814
0.4 0.39928699215304286
0.41 0.40894669295335845
0.42 0.41868741737264675
0.43 0.42914114963889244
0.44 0.4392221732578645
0.45 0.44828229927778457
0.46 0.4564835749365973
0.47 0.4686225984774689
0.48 0.4777151339449776
0.49 0.4871965827835541
0.5 0.49423111832916294
0.51 0.48694807182315025
0.52 0.4826313459687237
0.53 0.47240561269396325
0.54 0.46356064195193775
0.55 0.4541351081015124
0.56 0.4439018077104583
0.57 0.4329718231029138
0.58 0.4235675089538819
0.59 0.413151550276016
0.6 0.4032576507397083
0.61 0.39339177910349593
0.62 0.38360057134051206
0.63 0.37364964888247326
0.64 0.36335475713875154
0.65 0.35262772074449933
0.66 0.34342074746181595
0.67 0.33300411167868466
0.68 0.3228609046656185
0.69 0.3129683651756859
0.7 0.3027341965782395
0.71 0.29274873877278174
0.72 0.2826864395019372
0.73 0.27252639964728687
0.74 0.2625357621958292
0.75 0.2524462608683699
0.76 0.24232137217537256
0.77 0.23230759649623095
0.78 0.2223376681391253
0.79 0.21223627835192163
0.8 0.2019449427035898
0.81 0.19187081633846725
0.82 0.18175150671322965
0.83 0.17165072571092918
0.84 0.16166325983107013
0.85 0.15154693787175622
0.86 0.1414656006775189
0.87 0.1313408422660992
0.88 0.12126203244339864
0.89 0.11107794137186028
0.9 0.10106029046935074
0.91 0.09095599231567576
0.92 0.08082214426094737
0.93 0.07074513607488611
0.94 0.06061868895432247
0.95 0.050509914482021585
0.96 0.040389736912750156
0.97 0.030273740890667578
0.98 0.020196267895681054
0.99 0.010101165271353471
1.0 0.0
